-2 -6.04837
-1.96 -6.21828
-1.92 -6.27307
-1.88 -6.21501
-1.84 -6.05189
-1.8 -5.79532
-1.76 -5.45937
-1.72 -5.05943
-1.68 -4.61134
-1.64 -4.1306
-1.6 -3.63193
-1.56 -3.12879
-1.52 -2.63313
-1.48 -2.15524
-1.44 -1.70364
-1.4 -1.28511
-1.36 -0.904673
-1.32 -0.565755
-1.28 -0.270271
-1.24 -0.0187922
-1.2 0.189293
-1.16 0.355598
-1.12 0.482564
-1.08 0.573278
-1.04 0.63131
-1 0.660548
-0.96 0.665057
-0.92 0.648945
-0.88 0.616248
-0.84 0.570832
-0.8 0.516316
-0.76 0.456003
-0.72 0.392838
-0.68 0.329374
-0.64 0.267757
-0.6 0.209725
-0.56 0.156614
-0.52 0.10938
-0.48 0.0686264
-0.44 0.034639
-0.4 0.0074267
-0.36 -0.0132351
-0.32 -0.0277582
-0.28 -0.0366964
-0.24 -0.0407001
-0.2 -0.0404746
-0.16 -0.0367413
-0.12 -0.0302043
-0.08 -0.0215218
-0.04 -0.0112844
0 -7.73549e-15
0.04 0.0119152
0.08 0.0241378
0.12 0.0364317
0.16 0.0486367
0.2 0.0606511
0.24 0.0724084
0.28 0.0838512
0.32 0.0949007
0.36 0.105425
0.4 0.115208
0.44 0.123917
0.48 0.131071
0.52 0.136024
0.56 0.137938
0.6 0.135772
0.64 0.128285
0.68 0.114036
0.72 0.0914038
0.76 0.058622
0.8 0.0138186
0.84 -0.0449238
0.88 -0.119496
0.92 -0.211676
0.96 -0.323027
1 -0.454789
1.04 -0.607753
1.08 -0.782131
1.12 -0.977418
1.16 -1.19226
1.2 -1.4243
1.24 -1.6701
1.28 -1.92495
1.32 -2.18289
1.36 -2.43654
1.4 -2.67718
1.44 -2.89476
1.48 -3.07798
1.52 -3.21456
1.56 -3.29146
1.6 -3.2953
1.64 -3.21296
1.68 -3.03222
1.72 -2.74269
1.76 -2.33689
1.8 -1.8116
1.84 -1.16944
1.88 -0.420828
1.92 0.413815
1.96 1.30141
2 2.19319
