-2 -7.75488
-1.96 -7.29852
-1.92 -6.85699
-1.88 -6.43007
-1.84 -6.01756
-1.8 -5.61923
-1.76 -5.23488
-1.72 -4.86429
-1.68 -4.50725
-1.64 -4.16354
-1.6 -3.83296
-1.56 -3.51528
-1.52 -3.21029
-1.48 -2.91778
-1.44 -2.63755
-1.4 -2.36936
-1.36 -2.11302
-1.32 -1.8683
-1.28 -1.63499
-1.24 -1.41289
-1.2 -1.20177
-1.16 -1.00142
-1.12 -0.811634
-1.08 -0.632192
-1.04 -0.462883
-1 -0.303493
-0.96 -0.153808
-0.92 -0.0136144
-0.88 0.1173
-0.84 0.23915
-0.8 0.352149
-0.76 0.456509
-0.72 0.552444
-0.68 0.640169
-0.64 0.719896
-0.6 0.791839
-0.56 0.856211
-0.52 0.913226
-0.48 0.963097
-0.44 1.00604
-0.4 1.04226
-0.36 1.07198
-0.32 1.09541
-0.28 1.11277
-0.24 1.12426
-0.2 1.1301
-0.16 1.1305
-0.12 1.12569
-0.08 1.11586
-0.04 1.10124
0 1.08204
0.04 1.05846
0.08 1.03074
0.12 0.999066
0.16 0.963668
0.2 0.924756
0.24 0.882541
0.28 0.837239
0.32 0.789063
0.36 0.738225
0.4 0.68494
0.44 0.629421
0.48 0.571882
0.52 0.512535
0.56 0.451594
0.6 0.389274
0.64 0.325787
0.68 0.261346
0.72 0.196166
0.76 0.130459
0.8 0.0644394
0.84 -0.00167947
0.88 -0.0676843
0.92 -0.133362
0.96 -0.198498
1 -0.26288
1.04 -0.326293
1.08 -0.388526
1.12 -0.449363
1.16 -0.508593
1.2 -0.566
1.24 -0.621372
1.28 -0.674495
1.32 -0.725156
1.36 -0.773142
1.4 -0.818238
1.44 -0.860232
1.48 -0.89891
1.52 -0.934058
1.56 -0.965463
1.6 -0.992911
1.64 -1.01619
1.68 -1.03509
1.72 -1.04938
1.76 -1.05887
1.8 -1.06334
1.84 -1.06256
1.88 -1.05634
1.92 -1.04445
1.96 -1.02669
2 -1.00283
