-2 -6.03122
-1.96 -6.2279
-1.92 -6.28843
-1.88 -6.22615
-1.84 -6.05564
-1.8 -5.79225
-1.76 -5.45175
-1.72 -5.04989
-1.68 -4.60211
-1.64 -4.12322
-1.6 -3.62709
-1.56 -3.12647
-1.52 -2.63281
-1.48 -2.15608
-1.44 -1.70472
-1.4 -1.28561
-1.36 -0.904022
-1.32 -0.563696
-1.28 -0.266894
-1.24 -0.0145112
-1.2 0.1938
-1.16 0.359479
-1.12 0.484898
-1.08 0.573188
-1.04 0.628062
-1 0.653644
-0.96 0.654299
-0.92 0.634477
-0.88 0.598568
-0.84 0.550773
-0.8 0.495001
-0.76 0.434778
-0.72 0.373185
-0.68 0.312811
-0.64 0.255734
-0.6 0.20352
-0.56 0.157237
-0.52 0.11749
-0.48 0.0844719
-0.44 0.0580151
-0.4 0.0376641
-0.36 0.022744
-0.32 0.0124339
-0.28 0.00583844
-0.24 0.00205495
-0.2 0.000233596
-0.16 -0.000371391
-0.12 -0.000361565
-0.08 -0.000166296
-0.04 -2.78838e-05
0 1.95122e-14
0.04 4.07778e-05
0.08 0.000371116
0.12 0.00138602
0.16 0.00355459
0.2 0.00736849
0.24 0.0132856
0.28 0.0216716
0.32 0.0327418
0.36 0.0465068
0.4 0.0627243
0.44 0.0808597
0.48 0.100058
0.52 0.119131
0.56 0.136554
0.6 0.150489
0.64 0.158812
0.68 0.159172
0.72 0.149053
0.76 0.125861
0.8 0.0870232
0.84 0.0300942
0.88 -0.0471227
0.92 -0.146453
0.96 -0.269225
1 -0.416147
1.04 -0.587188
1.08 -0.781477
1.12 -0.997207
1.16 -1.23157
1.2 -1.4807
1.24 -1.73968
1.28 -2.0025
1.32 -2.26215
1.36 -2.51069
1.4 -2.73932
1.44 -2.93859
1.48 -3.09852
1.52 -3.20887
1.56 -3.25932
1.6 -3.2398
1.64 -3.14074
1.68 -2.95336
1.72 -2.67002
1.76 -2.28452
1.8 -1.79237
1.84 -1.19111
1.88 -0.480588
1.92 0.336845
1.96 1.25612
2 2.2693
