-2 -6.03122
-1.96 -5.66439
-1.92 -5.31098
-1.88 -4.97073
-1.84 -4.64343
-1.8 -4.32882
-1.76 -4.02669
-1.72 -3.73678
-1.68 -3.45888
-1.64 -3.19274
-1.6 -2.93812
-1.56 -2.6948
-1.52 -2.46254
-1.48 -2.2411
-1.44 -2.03025
-1.4 -1.82975
-1.36 -1.63937
-1.32 -1.45887
-1.28 -1.28803
-1.24 -1.12659
-1.2 -0.97434
-1.16 -0.831031
-1.12 -0.69643
-1.08 -0.570304
-1.04 -0.452417
-1 -0.342535
-0.96 -0.240422
-0.92 -0.145844
-0.88 -0.0585662
-0.84 0.0216472
-0.8 0.0950307
-0.76 0.161819
-0.72 0.222248
-0.68 0.276551
-0.64 0.324963
-0.6 0.367721
-0.56 0.405058
-0.52 0.437209
-0.48 0.46441
-0.44 0.486894
-0.4 0.504898
-0.36 0.518656
-0.32 0.528403
-0.28 0.534374
-0.24 0.536804
-0.2 0.535927
-0.16 0.531978
-0.12 0.525194
-0.08 0.515807
-0.04 0.504054
0 0.490169
0.04 0.474387
0.08 0.456943
0.12 0.438073
0.16 0.418009
0.2 0.396989
0.24 0.375246
0.28 0.353016
0.32 0.330533
0.36 0.308033
0.4 0.28575
0.44 0.263919
0.48 0.242775
0.52 0.222553
0.56 0.203488
0.6 0.185814
0.64 0.169768
0.68 0.155583
0.72 0.143494
0.76 0.133737
0.8 0.126546
0.84 0.122157
0.88 0.120803
0.92 0.122721
0.96 0.128144
1 0.137309
1.04 0.150449
1.08 0.1678
1.12 0.189596
1.16 0.216073
1.2 0.247465
1.24 0.284008
1.28 0.325936
1.32 0.373484
1.36 0.426886
1.4 0.486379
1.44 0.552197
1.48 0.624574
1.52 0.703746
1.56 0.789948
1.6 0.883414
1.64 0.984379
1.68 1.09308
1.72 1.20975
1.76 1.33462
1.8 1.46793
1.84 1.60992
1.88 1.76081
1.92 1.92085
1.96 2.09027
2 2.2693
