-2 -6.03122
-1.96 -6.13498
-1.92 -6.16317
-1.88 -6.10337
-1.84 -5.95268
-1.8 -5.71517
-1.76 -5.39988
-1.72 -5.01906
-1.68 -4.58679
-1.64 -4.1179
-1.6 -3.62709
-1.56 -3.12828
-1.52 -2.63413
-1.48 -2.15576
-1.44 -1.7025
-1.4 -1.28185
-1.36 -0.899466
-1.32 -0.559226
-1.28 -0.263345
-1.24 -0.0125385
-1.2 0.1938
-1.16 0.357398
-1.12 0.480906
-1.08 0.567685
-1.04 0.621618
-1 0.64692
-0.96 0.647969
-0.92 0.629156
-0.88 0.594751
-0.84 0.548792
-0.8 0.495001
-0.76 0.436708
-0.72 0.376813
-0.68 0.317751
-0.64 0.261486
-0.6 0.209517
-0.56 0.162902
-0.52 0.122286
-0.48 0.0879443
-0.44 0.0598381
-0.4 0.0376641
-0.36 0.020915
-0.32 0.0089383
-0.28 0.000993583
-0.24 -0.0036932
-0.2 -0.00588031
-0.16 -0.0062672
-0.12 -0.00545902
-0.08 -0.0039397
-0.04 -0.00205414
0 1.77636e-15
0.04 0.00217085
0.08 0.00454141
0.12 0.00730968
0.16 0.0107605
0.2 0.0152301
0.24 0.021065
0.28 0.0285762
0.32 0.0379908
0.36 0.0494026
0.4 0.0627243
0.44 0.0776427
0.48 0.0935797
0.52 0.109661
0.56 0.124694
0.6 0.137162
0.64 0.145223
0.68 0.146737
0.72 0.139302
0.76 0.12031
0.8 0.0870232
0.84 0.0366739
0.88 -0.0334236
0.92 -0.125738
0.96 -0.242369
1 -0.384882
1.04 -0.554136
1.08 -0.750095
1.12 -0.971652
1.16 -1.21644
1.2 -1.4807
1.24 -1.75911
1.28 -2.04468
1.32 -2.32876
1.36 -2.60098
1.4 -2.84938
1.44 -3.0606
1.48 -3.22022
1.52 -3.31317
1.56 -3.32442
1.6 -3.2398
1.64 -3.04709
1.68 -2.73731
1.72 -2.30648
1.76 -1.75754
1.8 -1.10277
1.84 -0.366681
1.88 0.410647
1.92 1.16967
1.96 1.82682
2 2.2693
