-2 7.956
-1.96 7.51961
-1.92 7.49638
-1.88 7.09678
-1.84 6.50061
-1.8 5.96052
-1.76 5.55782
-1.72 5.22594
-1.68 4.8451
-1.64 4.3224
-1.6 3.63156
-1.56 2.8152
-1.52 1.96338
-1.48 1.18293
-1.44 0.568712
-1.4 0.183506
-1.36 0.0486939
-1.32 0.145128
-1.28 0.421539
-1.24 0.80722
-1.2 1.22582
-1.16 1.60769
-1.12 1.89914
-1.08 2.06779
-1.04 2.10402
-1 2.01909
-0.96 1.84079
-0.92 1.60777
-0.88 1.36334
-0.84 1.14987
-0.8 1.00409
-0.76 0.953894
-0.72 1.0166
-0.68 1.1986
-0.64 1.49626
-0.6 1.89754
-0.56 2.38426
-0.52 2.93442
-0.48 3.52449
-0.44 4.1313
-0.4 4.73356
-0.36 5.31287
-0.32 5.85425
-0.28 6.34621
-0.24 6.78055
-0.2 7.15191
-0.16 7.45718
-0.12 7.69487
-0.08 7.8645
-0.04 7.96615
0 8
0.04 7.96615
0.08 7.8645
0.12 7.69487
0.16 7.45718
0.2 7.15191
0.24 6.78055
0.28 6.34621
0.32 5.85425
0.36 5.31287
0.4 4.73356
0.44 4.1313
0.48 3.52449
0.52 2.93442
0.56 2.38426
0.6 1.89754
0.64 1.49626
0.68 1.1986
0.72 1.0166
0.76 0.953894
0.8 1.00409
0.84 1.14987
0.88 1.36334
0.92 1.60777
0.96 1.84079
1 2.01909
1.04 2.10402
1.08 2.06779
1.12 1.89914
1.16 1.60769
1.2 1.22582
1.24 0.80722
1.28 0.421539
1.32 0.145128
1.36 0.0486939
1.4 0.183506
1.44 0.568712
1.48 1.18293
1.52 1.96338
1.56 2.8152
1.6 3.63156
1.64 4.3224
1.68 4.8451
1.72 5.22594
1.76 5.55782
1.8 5.96052
1.84 6.50061
1.88 7.09678
1.92 7.49638
1.96 7.51961
2 7.956
