-2 8.01313
-1.96 7.65607
-1.92 7.30621
-1.88 6.96358
-1.84 6.62815
-1.8 6.29994
-1.76 5.97894
-1.72 5.66516
-1.68 5.35859
-1.64 5.05923
-1.6 4.76709
-1.56 4.48215
-1.52 4.20444
-1.48 3.93393
-1.44 3.67064
-1.4 3.41457
-1.36 3.1657
-1.32 2.92405
-1.28 2.68962
-1.24 2.46239
-1.2 2.24238
-1.16 2.02959
-1.12 1.824
-1.08 1.62563
-1.04 1.43448
-1 1.25054
-0.96 1.07381
-0.92 0.904291
-0.88 0.741988
-0.84 0.586899
-0.8 0.439024
-0.76 0.298362
-0.72 0.164913
-0.68 0.0386782
-0.64 -0.0803435
-0.6 -0.192152
-0.56 -0.296747
-0.52 -0.394128
-0.48 -0.484296
-0.44 -0.56725
-0.4 -0.642991
-0.36 -0.711519
-0.32 -0.772833
-0.28 -0.826934
-0.24 -0.873821
-0.2 -0.913495
-0.16 -0.945956
-0.12 -0.971203
-0.08 -0.989236
-0.04 -1.00006
0 -1.00366
0.04 -1.00006
0.08 -0.989236
0.12 -0.971203
0.16 -0.945956
0.2 -0.913495
0.24 -0.873821
0.28 -0.826934
0.32 -0.772833
0.36 -0.711519
0.4 -0.642991
0.44 -0.56725
0.48 -0.484296
0.52 -0.394128
0.56 -0.296747
0.6 -0.192152
0.64 -0.0803435
0.68 0.0386782
0.72 0.164913
0.76 0.298362
0.8 0.439024
0.84 0.586899
0.88 0.741988
0.92 0.904291
0.96 1.07381
1 1.25054
1.04 1.43448
1.08 1.62563
1.12 1.824
1.16 2.02959
1.2 2.24238
1.24 2.46239
1.28 2.68962
1.32 2.92405
1.36 3.1657
1.4 3.41457
1.44 3.67064
1.48 3.93393
1.52 4.20444
1.56 4.48215
1.6 4.76709
1.64 5.05923
1.68 5.35859
1.72 5.66516
1.76 5.97894
1.8 6.29994
1.84 6.62815
1.88 6.96358
1.92 7.30621
1.96 7.65607
2 8.01313
