-2 6.9373
-1.96 8.129
-1.92 8.26219
-1.88 7.75003
-1.84 6.89541
-1.8 5.91249
-1.76 4.94517
-1.72 4.0827
-1.68 3.37287
-1.64 2.83294
-1.6 2.45869
-1.56 2.2317
-1.52 2.12521
-1.48 2.10864
-1.44 2.15103
-1.4 2.22354
-1.36 2.30118
-1.32 2.36384
-1.28 2.39683
-1.24 2.39097
-1.2 2.34234
-1.16 2.25183
-1.12 2.12445
-1.08 1.96855
-1.04 1.79502
-1 1.61639
-0.96 1.44603
-0.92 1.29738
-0.88 1.18321
-0.84 1.11502
-0.8 1.10253
-0.76 1.15327
-0.72 1.27232
-0.68 1.46209
-0.64 1.72227
-0.6 2.0499
-0.56 2.43944
-0.52 2.88304
-0.48 3.3708
-0.44 3.89111
-0.4 4.43106
-0.36 4.97688
-0.32 5.51433
-0.28 6.0292
-0.24 6.50772
-0.2 6.93701
-0.16 7.30543
-0.12 7.60297
-0.08 7.82151
-0.04 7.95507
0 8
0.04 7.95507
0.08 7.82151
0.12 7.60297
0.16 7.30543
0.2 6.93701
0.24 6.50772
0.28 6.0292
0.32 5.51433
0.36 4.97688
0.4 4.43106
0.44 3.89111
0.48 3.3708
0.52 2.88304
0.56 2.43944
0.6 2.0499
0.64 1.72227
0.68 1.46209
0.72 1.27232
0.76 1.15327
0.8 1.10253
0.84 1.11502
0.88 1.18321
0.92 1.29738
0.96 1.44603
1 1.61639
1.04 1.79502
1.08 1.96855
1.12 2.12445
1.16 2.25183
1.2 2.34234
1.24 2.39097
1.28 2.39683
1.32 2.36384
1.36 2.30118
1.4 2.22354
1.44 2.15103
1.48 2.10864
1.52 2.12521
1.56 2.2317
1.6 2.45869
1.64 2.83294
1.68 3.37287
1.72 4.0827
1.76 4.94517
1.8 5.91249
1.84 6.89541
1.88 7.75003
1.92 8.26219
1.96 8.129
2 6.9373
