-2 7.80085
-1.96 -91.2855
-1.92 -77.6569
-1.88 -40.1234
-1.84 -10.1363
-1.8 6.17346
-1.76 11.7731
-1.72 11.3587
-1.68 8.6188
-1.64 5.68466
-1.6 3.43749
-1.56 2.01249
-1.52 1.22186
-1.48 0.82007
-1.44 0.626001
-1.4 0.548696
-1.36 0.563544
-1.32 0.674244
-1.28 0.881209
-1.24 1.16485
-1.2 1.48379
-1.16 1.78356
-1.12 2.00992
-1.08 2.12175
-1.04 2.0998
-1 1.94996
-0.96 1.70099
-0.92 1.39818
-0.88 1.09479
-0.84 0.843102
-0.8 0.686969
-0.76 0.656628
-0.72 0.766424
-0.68 1.0152
-0.64 1.38881
-0.6 1.86399
-0.56 2.41267
-0.52 3.00599
-0.48 3.61748
-0.44 4.22505
-0.4 4.81179
-0.36 5.36575
-0.32 5.87897
-0.28 6.34612
-0.24 6.76323
-0.2 7.12668
-0.16 7.43258
-0.12 7.67673
-0.08 7.85492
-0.04 7.96351
0 8
0.04 7.96351
0.08 7.85492
0.12 7.67673
0.16 7.43258
0.2 7.12668
0.24 6.76323
0.28 6.34612
0.32 5.87897
0.36 5.36575
0.4 4.81179
0.44 4.22505
0.48 3.61748
0.52 3.00599
0.56 2.41267
0.6 1.86399
0.64 1.38881
0.68 1.0152
0.72 0.766424
0.76 0.656628
0.8 0.686969
0.84 0.843102
0.88 1.09479
0.92 1.39818
0.96 1.70099
1 1.94996
1.04 2.0998
1.08 2.12175
1.12 2.00992
1.16 1.78356
1.2 1.48379
1.24 1.16485
1.28 0.881209
1.32 0.674244
1.36 0.563544
1.4 0.548696
1.44 0.626001
1.48 0.82007
1.52 1.22186
1.56 2.01249
1.6 3.43749
1.64 5.68466
1.68 8.6188
1.72 11.3587
1.76 11.7731
1.8 6.17346
1.84 -10.1363
1.88 -40.1234
1.92 -77.6569
1.96 -91.2855
2 7.80085
