-2 7.80085
-1.96 7.49428
-1.92 7.1939
-1.88 6.89971
-1.84 6.61171
-1.8 6.32991
-1.76 6.05431
-1.72 5.78489
-1.68 5.52167
-1.64 5.26464
-1.6 5.01381
-1.56 4.76917
-1.52 4.53072
-1.48 4.29847
-1.44 4.07241
-1.4 3.85254
-1.36 3.63887
-1.32 3.43139
-1.28 3.2301
-1.24 3.03501
-1.2 2.84611
-1.16 2.6634
-1.12 2.48689
-1.08 2.31657
-1.04 2.15245
-1 1.99451
-0.96 1.84277
-0.92 1.69723
-0.88 1.55788
-0.84 1.42472
-0.8 1.29775
-0.76 1.17698
-0.72 1.0624
-0.68 0.954018
-0.64 0.851826
-0.6 0.755828
-0.56 0.666023
-0.52 0.582412
-0.48 0.504994
-0.44 0.43377
-0.4 0.368739
-0.36 0.309901
-0.32 0.257257
-0.28 0.210807
-0.24 0.170549
-0.2 0.136485
-0.16 0.108615
-0.12 0.086938
-0.08 0.0714545
-0.04 0.0621643
0 0.0590676
0.04 0.0621643
0.08 0.0714545
0.12 0.086938
0.16 0.108615
0.2 0.136485
0.24 0.170549
0.28 0.210807
0.32 0.257257
0.36 0.309901
0.4 0.368739
0.44 0.43377
0.48 0.504994
0.52 0.582412
0.56 0.666023
0.6 0.755828
0.64 0.851826
0.68 0.954018
0.72 1.0624
0.76 1.17698
0.8 1.29775
0.84 1.42472
0.88 1.55788
0.92 1.69723
0.96 1.84277
1 1.99451
1.04 2.15245
1.08 2.31657
1.12 2.48689
1.16 2.6634
1.2 2.84611
1.24 3.03501
1.28 3.2301
1.32 3.43139
1.36 3.63887
1.4 3.85254
1.44 4.07241
1.48 4.29847
1.52 4.53072
1.56 4.76917
1.6 5.01381
1.64 5.26464
1.68 5.52167
1.72 5.78489
1.76 6.05431
1.8 6.32991
1.84 6.61171
1.88 6.89971
1.92 7.1939
1.96 7.49428
2 7.80085
