-2 7.80085
-1.96 7.18722
-1.92 6.5444
-1.88 5.92668
-1.84 5.36641
-1.8 4.87933
-1.76 4.46912
-1.72 4.13113
-1.68 3.85533
-1.64 3.62879
-1.6 3.43749
-1.56 3.26783
-1.52 3.10754
-1.48 2.94649
-1.44 2.77701
-1.4 2.59416
-1.36 2.39567
-1.32 2.18184
-1.28 1.95527
-1.24 1.72053
-1.2 1.48379
-1.16 1.25239
-1.12 1.0344
-1.08 0.838261
-1.04 0.672317
-1 0.544494
-0.96 0.461954
-0.92 0.430819
-0.88 0.455939
-0.84 0.540713
-0.8 0.686969
-0.76 0.894889
-0.72 1.163
-0.68 1.48818
-0.64 1.86578
-0.6 2.28969
-0.56 2.75253
-0.52 3.24583
-0.48 3.76023
-0.44 4.28569
-0.4 4.81179
-0.36 5.32792
-0.32 5.82357
-0.28 6.28856
-0.24 6.71327
-0.2 7.08888
-0.16 7.40755
-0.12 7.66261
-0.08 7.84873
-0.04 7.96198
0 8
0.04 7.96198
0.08 7.84873
0.12 7.66261
0.16 7.40755
0.2 7.08888
0.24 6.71327
0.28 6.28856
0.32 5.82357
0.36 5.32792
0.4 4.81179
0.44 4.28569
0.48 3.76023
0.52 3.24583
0.56 2.75253
0.6 2.28969
0.64 1.86578
0.68 1.48818
0.72 1.163
0.76 0.894889
0.8 0.686969
0.84 0.540713
0.88 0.455939
0.92 0.430819
0.96 0.461954
1 0.544494
1.04 0.672317
1.08 0.838261
1.12 1.0344
1.16 1.25239
1.2 1.48379
1.24 1.72053
1.28 1.95527
1.32 2.18184
1.36 2.39567
1.4 2.59416
1.44 2.77701
1.48 2.94649
1.52 3.10754
1.56 3.26783
1.6 3.43749
1.64 3.62879
1.68 3.85533
1.72 4.13113
1.76 4.46912
1.8 4.87933
1.84 5.36641
1.88 5.92668
1.92 6.5444
1.96 7.18722
2 7.80085
